16 16 6

0 2 14 4 6 10 8 12 
13 9 11 7 5 15 3 1 

1 5
0 2 4 6 8 

2 5
0 2 10 8 12 

3 3
14 4 12 

4 5
9 7 5 3 1 

5 5
13 9 11 3 1 

6 3
13 5 15 


0
A 3 1
1 1
1 3
2 2

1
A' 3 0
4 24
4 41
5 26

2
B 3 3
1 5
1 7
2 6

3
B' 3 2
4 20
4 35
5 23

4
C 4 5
1 11
1 13
3 13
3 20

5
C' 3 4
4 14
4 30
6 10

6
D 2 7
1 15
1 18

7
D' 2 6
4 10
4 26

8
E 3 9
1 20
1 25
2 21

9
E' 3 8
4 5
4 22
5 19

10
F 1 11
2 12

11
F' 1 10
5 21

12
G 3 13
2 24
3 19
3 26

13
G' 2 12
5 16
6 1

14
H 2 15
3 10
3 15

15
H' 1 14
6 13